100 105 115 125 135 140 150 155 120 135 145
100 105 150 165 175 195 
100 105 140 145 155 160 170 190 200 
100 200 
100 0 
100 105 115 105 10 0 
100 105 115 120 130 135 145 150 160 165 160 
100 105 115 120 140 145 110 130 140 145 155 
100 105 115 135 145 150 160 165 175 180 190 
100 105 115 120 130 135 145 150 160 165 175
100 105 115 120 130 135 145 150 160 165 145
100 105 115 30 0
100 105 115 120 130 135 145 150 160 165 175 
100 105 115 120 130 135 145 150 160 120 150 
100 105 115 120 150 155 165 170 180 185 195 
100 30 15 0 
100 105 115 120 130 135 200 
100 105 115 120 130 135 145 150 180 185 195 
100 105 100 105 115 120 130 135 145 150 160 
100 130 140 160 170 190 200 
100 105 115 135 145 150 160 180 190 195 
100 130 140 145 155 160 170 175 170 175 185 
100 130 140 145 155 160 170 175 185 190 200 
100 130 140 160 170 175 185 190 200 
100 105 115 120 130 135 145 150 160 165 175 
100 105 115 145 155 160 170 175 185 190 200 
100 105 115 120 130 135 145 150 160 165 175
100 105 115 105 95 0
100 105 115 125 50 0 
100 105 115 120 
100 110 120 125 135 140 150 155 165 170 180 
100 105 115 120 130 120 110 115 125 50 60 
100 140 80 160 170 175 185 190 200 
100 105 115 30 60 0 
100 105 115 120 130 135 145 150 160 165 175 
100 110 120 90 0
100 90 100 160 120 40 35 0 
100 130 155 160 155 160 170 175 200 
100 110 120 130 125 130 105 135 110 115 125 
100 105 130 135 160 125 135 160 170 175 150 
100 105 95 100 90 50 0 
100 200 
100 110 120 125 135 145 155 200 
100 70 80 0 
100 200 
100 0 
100 70 0 
100 105 145 150 160 165 130 120 40 80 160 
100 105 115 125 135 140 135 125 135 140 150 
100 105 115 120 130 135 145 150 160 165 130 
100 105 115 120 130 135 145 150 160 165 175 
100 105 115 120 130 135 145 150 160 165 175 
100 105 100 105 10 15 25 30 40 45 55 
100 105 115 120 130 135 145 150 145 150 160 
100 105 155 160 170 175 185 190 200 
100 105 115 120 130 135 145 150 160 165 175 
100 105 115 165 175 180 190 195 
100 105 115 120 130 135 145 150 160 165 175 
100 105 115 120 130 135 145 150 160 165 175 
100 105 115 165 175 180 190 195 
100 0 
100 105 100 105 115 120 130 135 145 150 160 
100 200 
100 105 115 120 130 135 145 150 160 165 175 
100 0 
100 105 115 120 130 135 145 150 160 165 175 
