100 95 100 95 85 95 85 80 85 95 100 
100 90 0 
100 95 85 95 100 110 115 125 130 140 130 
100 95 100 95 100 95 100 110 100 110 100 
100 95 85 95 85 80 70 65 70 65 55 
100 95 85 80 85 80 85 80 70 65 55 
100 95 85 80 85 80 85 80 85 95 85 
100 110 115 110 115 125 115 110 115 125 130 
100 95 100 110 115 110 115 125 50 5 
100 95 85 80 85 80 70 65 55 50 40 
100 95 100 95 85 80 85 95 100 110 115 
100 110 100 95 100 95 100 95 100 110 140 
100 95 85 80 85 95 100 95 100 110 115 
100 70 60 55 60 35 25 5 
100 130 135 130 135 145 135 145 150 160 165 
100 95 100 95 85 80 10 5 
100 110 115 30 20 5 
100 95 100 110 115 125 130 125 115 125 130 
100 110 115 125 130 125 115 125 155 165 170 
100 110 115 110 115 125 130 125 130 125 115 
100 110 115 125 130 140 145 155 160 170 175 
100 110 115 125 130 125 130 125 115 110 100 
100 110 115 110 115 125 130 125 115 110 100 
100 95 100 110 100 110 115 110 115 110 100 
100 95 85 80 85 80 85 80 130 140 145 
