100 95 85 75 65 60 50 45 80 65 55
100 95 50 35 25 5 
100 95 60 55 45 40 30 10 0 
100 0
100 200 
100 95 85 95 190 200 
100 95 85 80 70 65 55 50 40 35 40 
100 95 85 80 60 55 90 70 60 55 45 
100 95 85 65 55 50 40 35 25 20 10 
100 95 85 80 70 65 55 50 40 35 25
100 95 85 80 70 65 55 50 40 35 55
100 95 85 170 200
100 95 85 80 70 65 55 50 40 35 25 
100 95 85 80 70 65 55 50 40 80 50 
100 95 85 80 50 45 35 30 20 15 5 
100 170 185 200 
100 95 85 80 70 65 0 
100 95 85 80 70 65 55 50 20 15 5 
100 95 100 95 85 80 70 65 55 50 40
100 70 60 40 30 10 0 
100 95 85 65 55 50 40 20 10 5 
100 70 60 55 45 40 30 25 30 25 15 
100 70 60 55 45 40 30 25 15 10 0 
100 70 60 40 30 25 15 10 0 
100 95 85 80 70 65 55 50 40 35 25 
100 95 85 55 45 40 30 25 15 10 0 
100 95 85 80 70 65 55 50 40 35 25
100 95 85 95 105 200
100 95 85 75 150 200
100 90 80 75 65 60 50 45 35 30 20 
100 95 85 80 70 80 90 85 75 150 140 
100 60 120 40 30 25 15 10 0 
100 95 85 170 140 200 
100 95 85 80 70 65 55 50 40 35 25 
100 90 80 110 200
100 110 100 40 80 160 165 200 
100 70 45 40 45 40 30 25 0 
100 90 80 70 75 70 95 65 90 85 75 
100 95 70 65 40 75 65 40 30 25 50 
100 95 105 100 110 150 200 
100 0 
100 90 80 75 65 55 45 0 
100 130 120 200 
100 0 
100 200 
100 130 200 
100 95 55 50 40 35 70 80 160 120 40 
100 95 85 75 65 60 65 75 65 60 50 
100 95 85 80 70 65 55 50 40 35 70 
100 95 85 80 70 65 55 50 40 35 25 
100 95 85 80 70 65 55 50 40 35 25 
100 95 100 95 190 185 175 170 160 155 145 
100 95 85 80 70 65 55 50 55 50 40 
100 95 45 40 30 25 15 10 0 
100 95 85 80 70 65 55 50 40 35 25 
100 95 85 35 25 20 10 5 
100 95 85 80 70 65 55 50 40 35 25 
100 95 85 80 70 65 55 50 40 35 25 
100 95 85 35 25 20 10 5 
100 200 
100 95 100 95 85 80 70 65 55 50 40 
100 0 
100 95 85 80 70 65 55 50 40 35 25 
100 200 
100 95 85 80 70 65 55 50 40 35 25 
100 80 70 50 40 20 10 5 
100 95 125 200 
100 95 85 65 25 20 10 5 
100 95 85 80 70 65 55 35 25 5 
100 95 85 170 185 195 200 
100 95 85 80 70 140 130 125 175 185 175 
100 0 
100 95 85 60 50 45 35 30 20 15 5 
100 170 140 105 95 65 55 50 55 30 20 
100 95 85 60 65 45 20 15 5 0 
100 95 85 80 40 35 10 5 
100 30 20 5 
100 30 20 5 
100 30 20 5 
100 140 155 165 180 190 195 
100 30 20 5 
100 110 60 55 45 40 30 5 
100 30 20 5 
100 30 20 30 20 5 
100 30 10 5 
100 140 155 165 180 190 195 
100 150 165 175 190 200 
100 95 85 80 70 40 30 25 15 10 0 
100 30 20 5 
100 30 20 5 
100 30 20 5 
100 30 20 5 
100 30 20 35 25 20 10 5 
100 30 20 5 
100 30 35 30 20 5 
100 30 20 5 
100 30 20 5 
100 30 20 35 25 20 10 5 
100 95 85 80 70 65 35 30 20 35 45 
100 95 85 80 70 65 70 65 70 100 50 
100 95 85 80 70 65 70 40 45 15 20 
100 70 20 15 5 0 
100 95 85 80 70 65 70 100 50 5 
100 70 75 70 20 15 20 15 5 0 
100 95 85 80 70 65 70 65 70 65 70 
100 95 85 80 30 25 30 25 30 5 
100 70 30 25 30 25 30 5 
100 95 85 55 60 55 60 30 35 5 
100 95 85 80 70 65 25 20 25 20 25
100 95 85 80 70 65 55 50 55 50 55 
100 95 85 55 60 55 60 55 60 55 60 
100 70 60 55 60 55 60 55 60 30 35 
100 60 65 60 65 35 40 35 40 35 40 
100 95 85 80 70 65 55 50 55 50 55 
100 95 45 40 45 40 45 40 45 40 45 
100 95 85 80 70 65 25 20 10 5 
100 95 85 80 30 25 30 25 30 25 30 
100 95 100 95 85 80 70 65 55 50 55 
100 95 85 80 70 65 55 50 40 35 40 
100 95 85 80 70 65 55 50 40 35 25 
100 95 85 80 70 65 55 50 40 35 25 
100 95 85 80 70 65 55 50 40 35 25 
100 95 85 80 70 65 70 65 70 65 55 
100 70 60 30 20 15 5 0 
100 95 85 80 70 65 55 50 40 35 25 
100 95 85 35 25 20 10 5 
100 95 85 80 70 65 55 50 40 35 25 
100 60 50 45 35 30 20 15 5 0 
100 95 85 80 70 65 55 50 40 35 25 
100 95 85 80 70 65 55 50 40 35 25 
100 70 60 55 45 15 5 0 
100 70 75 45 35 30 35 30 20 15 5 
100 50 40 35 25 20 10 5 
100 95 85 80 70 65 55 50 40 35 25 
100 70 60 20 10 5 
100 70 60 55 45 40 30 25 15 10 0 
100 95 45 40 30 5 
100 50 40 35 25 20 10 5 
100 95 85 80 70 65 55 50 40 35 25 
100 95 85 45 35 30 20 15 5 0 
100 95 85 80 70 65 55 50 40 35 25 
100 70 60 55 45 40 30 25 15 10 0 
100 95 45 40 30 5 
100 95 45 40 30 25 15 10 0 
100 95 85 80 70 65 55 50 10 5 
100 95 45 40 30 5 
100 70 60 55 60 55 45 40 30 25 15 
100 95 85 80 70 65 55 50 40 35 25 
100 95 45 40 30 25 15 10 0 
100 95 85 80 70 65 55 50 40 35 25 
