100 105 100 105 115 105 115 120 115 105 100 
100 110 200 
100 105 115 105 100 90 85 75 70 60 70 
100 105 100 105 100 105 100 90 100 90 100 
100 105 115 105 115 120 130 135 130 135 145 
100 105 115 120 115 120 115 120 130 135 145 
100 105 115 120 115 120 115 120 115 105 115
100 90 85 90 85 75 85 90 85 75 70 
100 105 100 90 85 90 85 75 150 195 
100 105 115 120 115 120 130 135 145 150 160 
100 105 100 105 115 120 115 105 100 90 85 
100 90 100 105 100 105 100 105 100 90 60 
100 105 115 120 115 105 100 105 100 90 85 
100 130 140 145 140 165 175 195 
100 70 65 70 65 55 65 55 50 40 35 
100 105 100 105 115 120 190 195 
100 90 85 170 180 195 
100 105 100 90 85 75 70 75 85 75 70 
100 90 85 75 70 75 85 75 45 35 30 
100 90 85 90 85 75 70 75 70 75 85 
100 90 85 75 70 60 55 45 40 30 25 
100 90 85 75 70 75 70 75 85 90 100 
100 90 85 90 85 75 70 75 85 90 100 
100 105 100 90 100 90 85 90 85 90 100 
100 105 115 120 115 120 115 120 70 60 55 
