100 90 85 90 85 90 100 105 75 65 60
100 105 75 65 60 90 80 85 80 70 80
100 105 100 90 85 75 85 75 70 60 30
100 90 80 85 95 100 110 85 80 85 80
100 105 115 120 115 145 140 145 115 120 115
100 105 100 90 85 55 85 90 120 90 85
100 105 115 105 115 105 100 105 100 110 120
100 105 135 105 100 110 120 125 120 145 140
100 105 100 75 85 90 120 125 120 125 135
100 105 100 105 75 65 75 65 60 50 45
100 30 25 0
100 105 100 90 85 60 120 125 120 40 50
100 105 115 120 115 105 100 70 80 85 80
100 70 65 55 0
100 105 75 80 90 95 105 110 120 125 120
100 105 100 105 100 105 100 105 100 0
100 90 100 105 100 105 100 105 100 200
100 90 180 185 180 185 195 200
100 105 115 120 115 120 115 120 130 135 70
100 105 100 105 100 70 140 145 155 160 155
100 70 65 70 65 70 65 70 80 85 80
100 105 100 90 85 90 85 90 100 105 115
100 105 115 120 130 135 145 150 145 135 130
100 105 100 105 100 105 100 105 100 105 100
100 105 115 120 115 85 80 0
100 90 85 75 70 0
100 200
100 90 100 105 115 120 115 120 115 120 115
100 90 85 75 70 140 135 140 150 155 150
100 105 100 90 85 170 180 185 195 200
100 105 115 85 80 85 95 100 95 0
100 105 100 105 100 105 115 105 100 200
100 200
100 70 80 85 95 0
100 105 100 90 100 105 100 105 115 120 40
100 105 100 105 115 120 115 105 100 105 100
100 0
100 105 115 120 130 120 115 105 100 50 10
100 105 100 90 85 90 85 90 85 90 85
100 0
100 105 115 125 155 145 140 145 90 0
100 105 100 105 100 105 100 90 85 90 85
100 200
100 90 80 85 75 80 90 95 105 110 105
100 105 115 85 80 160 155 125 115 120 130
100 90 85 90 85 75 85 90 100 90 100
100 110 120 150 145 150 145 155 165 170 165
100 105 100 105 100 105 115 120 115 120 115
100 105 115 120 130 120 130 135 130 120 200
100 105 145 150 100 90 85 75 70 60 55
100 105 100 105 115 120 130 135 145 150 160
100 90 100 105 100 105 145 150 145 150 160
100 90 100 105 115 120 115 120 115 120 115
100 90 100 105 115 105 115 155 150 155 150
100 105 100 90 85 90 85 90 85 75 70
100 90 100 50 100 105 115 105 115 105 115
100 105 100 110 120 125 95 65 75 65 60
100 90 100 105 115 120 130 135 130 120 115
100 90 100 105 135 140 135 140 135 105 115
100 90 50 55 50 20 10 15 25 30 25
100 70 80 110 105 95 135 140 110 100 95
100 105 100 105 100 105 100 130 140 145 140
100 90 85 90 85 75 85 90 85 90 100
100 105 100 105 115 120 115 120 115 120 115
100 60 55 60 70 75 70 75 70 75 85
100 105 95 0
100 105 100 105 95 100 95 100 95 65 55
100 105 115 120 115 85 80 110 105 95 90
100 105 100 105 100 90 85 45 0
100 200
100 110 120 125 135 125 135 125 120 125 135
100 70 65 70 65 70 80 85 95 100 95
100 70 60 65 75 80 90 95 90 0
100 90 85 55 0
100 90 85 90 100 0
100 90 100 105 100 110 120 200
100 105 100 105 115 120 130 135 145 150 145
100 105 100 105 100 105 100 105 115 120 130
100 200
100 0
100 105 100 105 100 90 85 90 100 200
100 90 85 75 85 90 85 55 15 5 10
100 90 100 90 100 200
100 105 100 105 100 105 115 105 100 105 75
100 105 100 105 75 65 25 50 100 105 100
100 90 100 105 100 105 115 120 130 135 145
100 90 85 90 85 90 85 55 15 0
100 105 115 120 115 120 115 120 130 135 145
100 105 10 0
100 105 100 90 85 75 150 155 150 155 150
100 105 100 90 85 75 150 155 150 100 95
100 0
100 105 100 105 100 105 100 105 100 105 115
100 105 115 120 115 120 115 120 115 195
100 105 115 120 115 120 90 80 90 95 90
100 90 85 90 85 0
100 105 115 120 130 120
100 105 115 120 115 120 115 35 0
100 105 100 105 10 20 15 5
100 105 95 100 95 100 110 115 125 115 85
100 90 80 70 80 70 65 70 65 70 60
100 105 100 105 100 70 65 70 65 35 0
100 105 95 85 80 70 65 70 80 85 95
100 110 120 125 135 140 135 125 95 100 90
100 105 100 105 95 85 80 50 0
100 105 95 65 25 15 10 0
100 90 85 90 100 130 140 170 190 195
100 105 115 120 130 135 145 135 145 150 160
100 105 100 105 95 100 110 100 95 100 60
100 105 100 90 85 35 45 50 45 35
100 110 70 75 70 75 85 95 90 95 90
100 105 100 70 65 55 105 110 120 110 105
100 50 45 35 45 50 60 65 15 15 10
100 105 100 105 100 90 80 85 80 70 65
100 105 115 120 110 115 110 115 75 10 0
100 130 125 130 125 130 140 145 155 160 155
100 105 135 140 135 140 150 155 165 170 180
100 105 115 105 100 105 115 120 115 120 115
100 50 60 10 0
100 105 115 85 80 85 80 85 80 70 65
100 105 100 105 115 120 160 165 175 180 190
100 70 65 25
100 105 95 85 95 100 95 45 40 30 50
100 105 100 105 115 120 115 105 65 70 65
100 105 55 45 40 30 10 20 0
100 70 80 85 95 100 95 100 95 100 110
100 200
100 105 115 120 130 135 145 175 170 175 185
100 105 100 105 100 130 140 145 100 130 125
100 90 100 90 85 55 15 5 0
100 105 100 50 45 35 10 0
100 90 85 75
100 105 115 120 150 155 165 170 180 185 180
100 105 115 120 160 165 160 165 175 165 160
100 90 100 90 100 105 100 105 100 90 100
100 105 100 90 85 90 100 105 100 90 85
100 70 80 85 80 85 95 100 140 145 155
100 105 115 120 130 135 130 135 145 150 145
100 105 100 105 65 35 0
100 105 100 105 100 105 115 120 115 120 115
100 105 115 120 130 135 145 150 140 145 140
100 70 65 70 110 115 125 130 125 115 110
100 105 100 105 100 105 100 105 100 105 115
100 90 85 90 85 115 125 130 125 130
100 105 115 120 115 105 100 105 100 105 115
100 50 45 0
100 105 100 105 100 90 100 105 100 105 115
100 105 115 120 115 120 115 120 115 120 115
100 70 65 70 65 55 50 40 80 110 120
100 105 100 90 85 75 70 60 10 0
