100 105 100 105 115 105 115 120 115 105 100 
100 110 200 
100 105 115 105 100 90 85 75 70 60 70 
100 105 100 105 100 105 100 90 100 90 100 
100 105 115 105 115 120 130 135 130 135 145 
100 105 115 120 115 120 115 120 130 135 145 
100 105 115 120 115 120 115 120 115 105 115
100 90 85 90 85 75 85 90 85 75 70 
100 105 100 90 85 90 85 75 150 195 
100 105 115 120 115 120 130 135 145 150 160 
100 105 100 105 115 120 115 105 100 90 85 
100 90 100 105 100 105 100 105 100 90 60 
100 105 115 120 115 105 100 105 100 90 85 
100 130 140 145 140 165 175 195 
100 70 65 70 65 55 65 55 50 40 35 
100 105 100 105 115 120 190 195 
100 90 85 170 180 195 
100 105 100 90 85 75 70 75 85 75 70 
100 90 85 75 70 75 85 75 45 35 30 
100 90 85 90 85 75 70 75 70 75 85 
100 90 85 75 70 60 55 45 40 30 25 
100 90 85 75 70 75 70 75 85 90 100 
100 90 85 90 85 75 70 75 85 90 100 
100 105 100 90 100 90 85 90 85 90 100 
100 105 115 120 115 120 115 120 70 60 55
100 90 100 110 120 110 100 70 140 145 155 
100 110 100 90 80 90 100 110 120 110 120 
100 110 120 125 135 125 135 140 150 140 150 
100 110 120 130 140 145 155 160 170 175 185 
100 110 120 110 100 90 85 75 70 60 55 
100 110 105 110 120 125 135 140 200 
100 110 105 95 105 110 105 95 105 110 120 
100 90 80 70 65 55 65 70 80 85 55 
100 110 105 110 120 125 135 140 150 155 165 
100 105 115 120 130 135 130 135 145 150 160 
100 110 120 110 105 115 110 120 120 110 100 
100 110 120 110 105 145 155 160 170 175 185 
100 90 85 90 100 90 100 105 100 110 120 
100 90 85 75 70 60 55 60 55 60 70 
100 90 85 75 70 60 55 45 15 5 0 
100 110 105 110 120 125 120 150 160 165 175 
100 90 85 90 85 75 85 125 135 140 150 
100 90 60 65 60 65 60 50 45 35 30 
100 110 100 90 80 85 75 65 45 10 5 
100 110 100 90 100 110 120 200
100 200
100 90 100 105 115 120 130 135 200 
100 110 85 95 85 95 85 75 50 60 20 
100 110 120 110 100 90 100 110 100 110 100 
100 90 100 40 35 25 20 10 5
100 90 100 105 115 120 80 70 80 90 100
100 110 120 125 115 105 115 120 130 120 130 
100 105 115 105 115 120 130 135 145 150 140 
100 90 100 90 80 70 80 70 80 70 60 
100 110 100 90 85 75 65 70 80 85 75 
100 105 95 105 115 120 130 135 145 150 160 
100 110 120 110 120 145 155 160 170 175 185
100 105 115 120 130 135 145 150 160 165 175 
100 90 100 110 120 110 105 95 105 110 105 
100 90 80 70 40 30 25 15 10 0 
100 90 100 105 115 120 130 135 145 150 160 
100 105 115 105 115 120 130 135 145 150 160 
100 90 100 90 100 105 115 120 130 135 145 
100 90 80 70 80 70 60 50 60 50 60 
100 110 100 90 80 85 75 65 55 60 70 
100 90 60 70 80 70 60 70 80 70 60 
100 105 165 170 180 185 195 200 
100 105 115 120 130 135 145 150 160 165 175 
100 90 100 105 100 105 115 145 155 160 170 
100 110 120 110 120 125 135 140 150 140 150 
100 110 120 125 135 140 150 140 150 155 165 
100 110 120 110 100 110 120 125 135 140 150 
100 90 80 70 80 85 95 85 95 85 95 
100 105 115 145 155 160 170 175 185 190 200 
100 105 115 120 130 135 145 150 160 165 175 
100 105 100 110 120 125 135 140 150 155 165 
100 105 80 85 60 50 45 50 45 50 30 
100 105 115 120 115 105 95 100 110 115 125 
100 105 115 120 130 135 145 150 160 165 175 
100 105 115 120 130 135 145 150 160 165 175 
100 105 75 65 45 35 30 20 15 5 0 
100 105 75 65 60 50 45 35 5 
100 105 115 120 130 135 145 150 160 165 175 
100 105 115 120 130 135 145 150 160 150 160 
100 105 115 120 130 135 145 150 160 165 175 
100 105 115 105 115 120 130 135 145 150 160 
100 105 115 120 95 85 65 55 5 
100 105 115 120 130 135 145 150 160 165 175 
100 105 115 105 115 120 130 135 145 150 160
100 105 115 105 115 120 130 135 145 150 160
100 105 115 105 115 120 130 135 145 150 160 
100 105 115 120 130 135 145 150 160 165 175 
100 105 75 65 75 65 75 80 90 95 105 
100 105 115 120 130 135 145 150 160 165 175 
100 105 115 120 130 135 145 150 160 165 200 
100 105 115 120 130 135 145 150 160 165 175
100 105 115 120 130 135 145 150 160 165 175 
100 105 115 120 130 135 145 150 160 165 175 
100 105 115 120 95 100 70 60 40 30 5 
100 105 115 120 130 135 145 150 160 165 175 
100 105 115 120 130 135 145 150 160 165 175 
