100 110 115 110 115 110 100 95 125 135 140
100 95 125 135 140 110 120 115 120 130 120
100 95 100 110 115 125 115 125 130 140 170
100 110 120 115 105 100 90 115 120 115 120
100 95 85 80 85 55 60 55 85 80 85
100 95 100 110 115 145 115 110 80 110 115
100 95 85 95 85 95 100 95 100 90 80
100 95 65 95 100 90 80 75 80 55 60
100 95 100 125 115 110 80 75 80 75 65
100 95 100 95 125 135 125 135 140 150 155
100 170 175 200
100 95 100 110 115 140 80 75 80 160 150
100 95 85 80 85 95 100 130 120 115 120
100 130 135 145 200
100 95 125 120 110 105 95 90 80 75 80
100 95 100 95 100 95 100 95 100 200
100 110 100 95 100 95 100 95 100 0
100 110 20 15 20 15 5 0
100 95 85 80 85 80 85 80 70 65 130
100 95 100 95 100 130 60 55 45 40 45
100 130 135 130 135 130 135 130 120 115 120
100 95 100 110 115 110 115 110 100 95 85
100 95 85 80 70 65 55 50 55 65 70
100 95 100 95 100 95 100 95 100 95 100
100 95 85 80 85 115 120 200
100 110 115 125 130 200
100 0
100 110 100 95 85 80 85 80 85 80 85
100 110 115 125 130 60 65 60 50 45 50
100 95 100 110 115 30 20 15 5 0
100 95 85 115 120 115 105 100 105 200
100 95 100 95 100 95 85 95 100 0
100 0
100 130 120 115 105 200
100 95 100 110 100 95 100 95 85 80 160
100 95 100 95 85 80 85 95 100 95 100
100 200
100 95 85 80 70 80 85 95 100 150 190
100 95 100 110 115 110 115 110 115 110 115
100 200
100 95 85 75 45 55 60 55 110 200
100 95 100 95 100 95 100 110 115 110 115
100 0
100 110 120 115 125 120 110 105 95 90 95
100 95 85 115 120 40 45 75 85 80 70
100 110 115 110 115 125 115 110 100 110 100
100 90 80 50 55 50 55 45 35 30 35
100 95 100 95 100 95 85 80 85 80 85
100 95 85 80 70 80 70 65 70 80 0
100 95 55 50 100 110 115 125 130 140 145
100 95 100 95 85 80 70 65 55 50 40
100 110 100 95 100 95 55 50 55 50 40
100 110 100 95 85 80 85 80 85 80 85
100 110 100 95 85 95 85 45 50 45 50
100 95 100 110 115 110 115 110 115 125 130
100 110 100 150 100 95 85 95 85 95 85
100 95 100 90 80 75 105 135 125 135 140
100 110 100 95 85 80 70 65 70 80 85
100 110 100 95 65 60 65 60 65 95 85
100 110 150 145 150 180 190 185 175 170 175
100 130 120 90 95 105 65 60 90 100 105
100 95 100 95 100 95 100 70 60 55 60
100 110 115 110 115 125 115 110 115 110 100
100 95 100 95 85 80 85 80 85 80 85
100 140 145 140 130 125 130 125 130 125 115
100 95 105 200
100 95 100 95 105 100 105 100 105 135 145
100 95 85 80 85 115 120 90 95 105 110
100 95 100 95 100 110 115 155 200
100 0
100 90 80 75 65 75 65 75 80 75 65
100 130 135 130 135 130 120 115 105 100 105
100 130 140 135 125 120 110 105 110 200
100 110 115 145 200
100 110 115 110 100 200
100 110 100 95 100 90 80 0
100 95 100 95 85 80 70 65 55 50 55
100 95 100 95 100 95 100 95 85 80 70
100 0
100 200
100 95 100 95 100 110 115 110 100 0
100 110 115 125 115 110 115 145 185 195 190
100 110 100 110 100 0
100 95 100 95 100 95 85 95 100 95 125
100 95 100 95 125 135 175 150 100 95 100
100 110 100 95 100 95 85 80 70 65 55
100 110 115 110 115 110 115 145 185 200
100 95 85 80 85 80 85 80 70 65 55
100 95 190 200
100 95 100 110 115 125 50 45 50 45 50
100 95 100 110 115 125 50 45 50 100 105
100 200
100 95 100 95 100 95 100 95 100 95 85
100 95 85 80 85 80 85 80 85 5
100 95 85 80 85 80 110 120 110 105 110
100 110 115 110 115 200
100 95 85 80 85 80 85 165 200
100 95 100 95 190 180 185 195
100 95 105 100 105 100 90 85 75 85 115
100 110 120 130 120 130 135 130 135 130 140
100 95 100 95 100 130 135 130 135 165 200
100 95 105 115 120 130 135 130 120 115 105
100 90 80 75 65 60 65 75 105 100 110
100 95 100 95 105 115 120 150 200
100 95 105 135 175 185 190 200
100 110 115 110 100 70 60 30 10 5
100 95 85 80 70 65 55 65 55 50 40
100 95 100 95 105 100 90 100 105 100 140
100 90 130 125 130 125 115 105 110 105 110
100 95 100 130 135 145 95 90 80 90 95
100 150 155 165 155 150 140 135 185 185 190
100 95 100 95 100 110 120 115 120 130 135
100 95 85 80 90 85 90 85 125 190 200
100 70 75 70 75 70 60 55 45 40 45
100 95 65 60 65 60 50 45 35 30 20
100 95 85 95 100 95 85 80 85 80 85
100 150 140 190 200
100 95 85 115 120 115 120 115 120 130 135
100 95 100 95 85 80 40 35 25 20 10
100 95 105 115 105 100 105 155 160 170 150
100 95 100 95 85 80 85 95 135 130 135
100 95 145 155 160 170 190 180 200
100 130 120 115 105 100 105 100 105 100 90
100 0
100 95 85 80 70 65 55 25 30 25 15
100 95 100 95 100 70 60 55 100 70 75
100 110 100 110 115 145 185 195 200
100 95 100 150 155 165 190 200
100 95 85 80 50 45 35 30 20 15 20
100 95 85 80 40 35 40 35 25 35 40
100 110 100 110 100 95 100 95 100 110 100
100 95 100 110 115 110 100 95 100 110 115
100 130 120 115 120 115 105 100 60 55 45
100 95 85 80 70 65 70 65 55 50 55
100 95 100 95 135 165 200
100 95 100 95 100 95 85 80 85 80 85
100 95 85 80 70 65 55 50 60 55 60
100 130 135 130 90 85 75 70 75 85 90
100 95 100 95 100 95 100 95 100 95 85
100 95 85 80 85 95 100 95 100 95 85
100 150 155 200
100 95 100 95 100 110 100 95 100 95 85
100 95 85 80 85 80 85 80 85 80 85
100 130 135 130 135 145 150 160 120 90 80
100 95 100 110 115 125 130 140 190 200
100 105 115 200 
100 105 100 105 115 120 115 125 120 110 100 
100 105 100 105 160 120 40 70 80 85 80 
100 105 115 120 130 120 130 120 115 120 130
100 95 100 95 190 200
