100 95 100 95 85 95 85 80 85 95 100 
100 90 0 
100 95 85 95 100 110 115 125 130 140 130 
100 95 100 95 100 95 100 110 100 110 100 
100 95 85 95 85 80 70 65 70 65 55 
100 95 85 80 85 80 85 80 70 65 55 
100 95 85 80 85 80 85 80 85 95 85 
100 110 115 110 115 125 115 110 115 125 130 
100 95 100 110 115 110 115 125 50 5 
100 95 85 80 85 80 70 65 55 50 40 
100 95 100 95 85 80 85 95 100 110 115 
100 110 100 95 100 95 100 95 100 110 140 
100 95 85 80 85 95 100 95 100 110 115 
100 70 60 55 60 35 25 5 
100 130 135 130 135 145 135 145 150 160 165 
100 95 100 95 85 80 10 5 
100 110 115 30 20 5 
100 95 100 110 115 125 130 125 115 125 130 
100 110 115 125 130 125 115 125 155 165 170 
100 110 115 110 115 125 130 125 130 125 115 
100 110 115 125 130 140 145 155 160 170 175 
100 110 115 125 130 125 130 125 115 110 100 
100 110 115 110 115 125 130 125 115 110 100 
100 95 100 110 100 110 115 110 115 110 100 
100 95 85 80 85 80 85 80 130 140 145
100 110 100 90 80 90 100 130 60 55 45 
100 90 100 110 120 110 100 90 80 90 80 
100 90 80 75 65 75 65 60 50 60 50 
100 90 80 70 60 55 45 40 30 25 15 
100 90 80 90 100 110 115 125 130 140 145 
100 90 95 90 80 75 65 60 0 
100 90 95 105 95 90 95 105 95 90 80 
100 110 120 130 135 145 135 130 120 115 145 
100 90 95 90 80 75 65 60 50 45 35 
100 95 85 80 70 65 70 65 55 50 40 
100 90 80 90 95 85 90 80 80 90 100 
100 90 80 90 95 55 45 40 30 25 15 
100 110 115 110 100 110 100 95 100 90 80 
100 110 115 125 130 140 145 140 145 140 130 
100 110 115 125 130 140 145 155 185 195 200 
100 90 95 90 80 75 80 50 40 35 25 
100 110 115 110 115 125 115 75 65 60 50 
100 110 140 135 140 135 140 150 155 165 170 
100 90 100 110 120 115 125 135 155 190 195 
100 90 100 110 100 90 80 0
100 0
100 110 100 95 85 80 70 65 0 
100 90 115 105 115 105 115 125 150 140 180 
100 90 80 90 100 110 100 90 100 90 100 
100 110 100 160 165 175 180 190 195 
100 110 100 95 85 80 120 130 120 110 100 
100 90 80 75 85 95 85 80 70 80 70 
100 95 85 95 85 80 70 65 55 50 60 
100 110 100 110 120 130 120 130 120 130 140 
100 90 100 110 115 125 135 130 120 115 125 
100 95 105 95 85 80 70 65 55 50 40 
100 90 80 90 80 55 45 40 30 25 15
100 95 85 80 70 65 55 50 40 35 25 
100 110 100 90 80 90 95 105 95 90 95
100 110 120 130 160 170 175 185 190 200 
100 110 100 95 85 80 70 65 55 50 40 
100 95 85 95 85 80 70 65 55 50 40 
100 110 100 110 100 95 85 80 70 65 55 
100 110 120 130 120 130 140 150 140 150 140 
100 90 100 110 120 115 125 135 145 140 130 
100 110 140 130 120 130 140 130 120 130 140 
100 95 35 30 20 15 5 0 
100 95 85 80 70 65 55 50 40 35 25 
100 110 100 95 100 95 85 55 45 40 30 
100 90 80 90 80 75 65 60 50 60 50 
100 90 80 75 65 60 50 60 50 45 35 
100 90 80 90 100 90 80 75 65 60 50 
100 110 120 130 120 115 105 115 105 115 105 
100 95 85 55 45 40 30 25 15 10 0 
100 95 85 80 70 65 55 50 40 35 25 
100 95 100 90 80 75 65 60 50 45 35 
100 95 120 115 140 150 155 150 155 150 170 
100 95 85 80 85 95 105 100 90 85 75 
100 95 85 80 70 65 55 50 40 35 25 
100 95 85 80 70 65 55 50 40 35 25 
100 95 125 135 155 165 170 180 185 195 200 
100 95 125 135 140 150 155 165 195 
100 95 85 80 70 65 55 50 40 35 25 
100 95 85 80 70 65 55 50 40 50 40 
100 95 85 80 70 65 55 50 40 35 25 
100 95 85 95 85 80 70 65 55 50 40 
100 95 85 80 105 115 135 145 195 
100 95 85 80 70 65 55 50 40 35 25 
100 95 85 95 85 80 70 65 55 50 40
100 95 85 95 85 80 70 65 55 50 40
100 95 85 95 85 80 70 65 55 50 40 
100 95 85 80 70 65 55 50 40 35 25 
100 95 125 135 125 135 125 120 110 105 95 
100 95 85 80 70 65 55 50 40 35 25 
100 95 85 80 70 65 55 50 40 35 0 
100 95 85 80 70 65 55 50 40 35 25
100 95 85 80 70 65 55 50 40 35 25 
100 95 85 80 70 65 55 50 40 35 25 
100 95 85 80 105 100 130 140 160 170 195 
100 95 85 80 70 65 55 50 40 35 25 
100 95 85 80 70 65 55 50 40 35 25 
